          0 	           0 	 -1.453091e+00 	 10111111101110011111111011100111
          0 	           1 	 1.751915e+00 	 00111111111000000011111011000001
          0 	           2 	 2.368643e+00 	 01000000000101111001011111011010
          0 	           3 	 -3.483225e+00 	 11000000010111101110110100101000
          0 	           4 	 1.009558e+00 	 00111111100000010011100100110001
          0 	           5 	 -1.564513e+00 	 10111111110010000100000111111000
          0 	           6 	 -1.513740e+00 	 10111111110000011100001000111111
          0 	           7 	 -7.062470e-01 	 10111111001101001100110010011010
          1 	           0 	 -1.779048e+00 	 10111111111000111011011111010110
          1 	           1 	 -2.125981e+00 	 11000000000010000001000000010100
          1 	           2 	 -2.318498e+00 	 11000000000101000110001001000110
          1 	           3 	 1.203029e+00 	 00111111100110011111110011011101
          1 	           4 	 -1.029885e-01 	 10111101110100101110101110101000
          1 	           5 	 -2.390334e+00 	 11000000000110001111101100111011
          1 	           6 	 -3.755181e+00 	 11000000011100000101010011100001
          1 	           7 	 -1.519032e+00 	 10111111110000100110111110101000
          2 	           0 	 -2.110257e+00 	 11000000000001110000111001110010
          2 	           1 	 -1.279656e+00 	 10111111101000111100101111000010
          2 	           2 	 -9.667104e-02 	 10111101110001011111101101111000
          2 	           3 	 2.763936e-01 	 00111110100011011000001101111000
          2 	           4 	 -1.708055e+00 	 10111111110110101010000110001000
          2 	           5 	 -3.072365e+00 	 11000000010001001010000110100001
          2 	           6 	 1.198050e+00 	 00111111100110010101100110110010
          2 	           7 	 -4.011653e+00 	 11000000100000000101111101110111
          3 	           0 	 1.200766e+00 	 00111111100110011011001010110111
          3 	           1 	 -2.314730e+00 	 11000000000101000010010010001011
          3 	           2 	 -4.879990e+00 	 11000000100111000010100011100001
          3 	           3 	 -3.111189e+00 	 11000000010001110001110110110111
          3 	           4 	 -3.410402e+00 	 11000000010110100100010000001000
          3 	           5 	 -1.280407e+00 	 10111111101000111110010001100100
          3 	           6 	 -1.752303e+00 	 10111111111000000100101101110101
          3 	           7 	 -1.969616e+00 	 10111111111111000001110001100001
          4 	           0 	 -4.817515e+00 	 11000000100110100010100100010101
          4 	           1 	 -3.453098e+00 	 11000000010111001111111110001101
          4 	           2 	 2.358380e+00 	 01000000000101101110111110110101
          4 	           3 	 -1.732523e+00 	 10111111110111011100001101010000
          4 	           4 	 1.327263e+00 	 00111111101010011110001111000000
          4 	           5 	 9.710477e-01 	 00111111011110001001011010010101
          4 	           6 	 -6.083342e-01 	 10111111000110111011101111001010
          4 	           7 	 -3.773491e+00 	 11000000011100011000000011100001
          5 	           0 	 -9.470957e-01 	 10111111011100100111010011011110
          5 	           1 	 -5.954281e-01 	 10111111000110000110110111111010
          5 	           2 	 -3.563919e+00 	 11000000011001000001011100111111
          5 	           3 	 -8.365013e-01 	 10111111010101100010010011110100
          5 	           4 	 -2.171363e+00 	 11000000000010101111011110011100
          5 	           5 	 -1.066444e+00 	 10111111100010001000000101000000
          5 	           6 	 -8.008487e-01 	 10111111010011010000010001101100
          5 	           7 	 -2.462960e-01 	 10111110011111000011010100000011
          6 	           0 	 -3.334875e+00 	 11000000010101010110111010011000
          6 	           1 	 -3.707493e+00 	 11000000011011010100011110010001
          6 	           2 	 -3.215686e+00 	 11000000010011011100110111001101
          6 	           3 	 -2.107935e+00 	 11000000000001101110100001101010
          6 	           4 	 -2.665294e-01 	 10111110100010000111011010001011
          6 	           5 	 -6.862853e-01 	 10111111001011111011000001100100
          6 	           6 	 2.307824e-01 	 00111110011011000101001000111100
          6 	           7 	 -3.277690e-02 	 10111101000001100100000100010001
          7 	           0 	 1.390351e+00 	 00111111101100011111011100000011
          7 	           1 	 -3.517963e+00 	 11000000011000010010011001001100
          7 	           2 	 1.486717e+00 	 00111111101111100100110010111111
          7 	           3 	 -3.414614e+00 	 11000000010110101000100100001000
          7 	           4 	 7.301984e-01 	 00111111001110101110111001001001
          7 	           5 	 -5.017991e-01 	 10111111000000000111010111101000
          7 	           6 	 -4.833157e-01 	 10111110111101110111010100101000
          7 	           7 	 9.398322e-02 	 00111101110000000111101001000111
          8 	           0 	 -8.489892e-01 	 10111111010110010101011101011011
          8 	           1 	 -2.536202e+00 	 11000000001000100101000100100001
          8 	           2 	 -4.324229e+00 	 11000000100010100110000000010101
          8 	           3 	 -1.085422e+00 	 10111111100010101110111100011110
          8 	           4 	 -2.850034e+00 	 11000000001101100110011011110111
          8 	           5 	 -1.505523e+00 	 10111111110000001011010011111001
          8 	           6 	 -1.063843e+00 	 10111111100010000010101111111111
          8 	           7 	 -2.347481e+00 	 11000000000101100011110100100010
          9 	           0 	 -1.212569e+00 	 10111111100110110011010101110111
          9 	           1 	 -1.088140e+00 	 10111111100010110100100000101111
          9 	           2 	 -1.443949e+00 	 10111111101110001101001101010100
          9 	           3 	 -1.190289e+00 	 10111111100110000101101101100011
          9 	           4 	 -2.288626e+00 	 11000000000100100111100011011000
          9 	           5 	 6.706980e-02 	 00111101100010010101101111100100
          9 	           6 	 -7.140509e-01 	 10111111001101101100110000001011
          9 	           7 	 -1.389093e+00 	 10111111101100011100110111001111
         10 	           0 	 1.598351e+00 	 00111111110011001001011011001000
         10 	           1 	 -1.735252e+00 	 10111111110111100001110010111001
         10 	           2 	 -2.445243e+00 	 11000000000111000111111011011011
         10 	           3 	 -2.118376e+00 	 11000000000001111001001101111001
         10 	           4 	 -4.446368e+00 	 11000000100011100100100010100110
         10 	           5 	 -4.962591e+00 	 11000000100111101100110110001011
         10 	           6 	 -1.977972e+00 	 10111111111111010010111000110100
         10 	           7 	 -2.738502e+00 	 11000000001011110100001110011110
         11 	           0 	 -9.345943e-01 	 10111111011011110100000110010010
         11 	           1 	 1.684048e+00 	 00111111110101111000111011100100
         11 	           2 	 -4.782059e+00 	 11000000100110010000011010100001
         11 	           3 	 -4.336908e+00 	 11000000100010101100011111110010
         11 	           4 	 -3.755547e+00 	 11000000011100000101101011100000
         11 	           5 	 1.370780e+00 	 00111111101011110111010110110100
         11 	           6 	 1.292687e+00 	 00111111101001010111011011000011
         11 	           7 	 -4.254260e+00 	 11000000100010000010001011100101
         12 	           0 	 -6.189873e-01 	 10111111000111100111010111110100
         12 	           1 	 -1.000466e+00 	 10111111100000000000111101000100
         12 	           2 	 -8.496081e-01 	 10111111010110010111111111101011
         12 	           3 	 -1.789160e+00 	 10111111111001010000001100110101
         12 	           4 	 -3.138206e+00 	 11000000010010001101100001011101
         12 	           5 	 -7.948960e-01 	 10111111010010110111111001001101
         12 	           6 	 1.955648e+00 	 00111111111110100101001010101101
         12 	           7 	 -4.564093e-01 	 10111110111010011010111001111011
         13 	           0 	 -3.736827e-01 	 10111110101111110101001101010110
         13 	           1 	 -1.703715e-01 	 10111110001011100111010111011111
         13 	           2 	 1.164638e+00 	 00111111100101010001001011011111
         13 	           3 	 3.994078e-01 	 00111110110011000111111100101101
         13 	           4 	 -1.878086e+00 	 10111111111100000110010100100000
         13 	           5 	 2.372921e+00 	 01000000000101111101110111110000
         13 	           6 	 -3.977446e-01 	 10111110110010111010010100101101
         13 	           7 	 -4.922492e+00 	 11000000100111011000010100001110
         14 	           0 	 -1.998635e+00 	 10111111111111111101001101000101
         14 	           1 	 -2.989278e+00 	 11000000001111110101000001010111
         14 	           2 	 -4.777242e+00 	 11000000100110001101111100101011
         14 	           3 	 3.277898e-01 	 00111110101001111101010000010001
         14 	           4 	 -4.613416e-01 	 10111110111011000011010011110111
         14 	           5 	 8.277434e-01 	 00111111010100111110011011111110
         14 	           6 	 -5.732592e-01 	 10111111000100101100000100011101
         14 	           7 	 -2.014461e+00 	 11000000000000001110110011101101
         15 	           0 	 -1.505955e+00 	 10111111110000001100001100100110
         15 	           1 	 -1.273185e+00 	 10111111101000101111011110110110
         15 	           2 	 -3.118427e-02 	 10111100111111110111011000100111
         15 	           3 	 1.886185e+00 	 00111111111100010110111001111111
         15 	           4 	 5.256370e-01 	 00111111000001101001000000100110
         15 	           5 	 1.383646e+00 	 00111111101100010001101101001101
         15 	           6 	 -2.674645e+00 	 11000000001010110010110101100100
         15 	           7 	 -1.042687e+00 	 10111111100001010111011011000100
         16 	           0 	 -1.117170e+00 	 10111111100011101111111101101011
         16 	           1 	 -1.654556e+00 	 10111111110100111100100001111011
         16 	           2 	 -1.389211e+00 	 10111111101100011101000110101010
         16 	           3 	 -9.408237e-01 	 10111111011100001101100111010010
         16 	           4 	 -2.356284e+00 	 11000000000101101100110101011011
         16 	           5 	 -1.298196e+00 	 10111111101001100010101101001000
         16 	           6 	 -2.926221e-01 	 10111110100101011101001010001111
         16 	           7 	 -1.251875e+00 	 10111111101000000011110101110100
         17 	           0 	 1.656011e-01 	 00111110001010011001001101010110
         17 	           1 	 -1.394401e+00 	 10111111101100100111101110111001
         17 	           2 	 2.109093e-01 	 00111110010101111111100010011010
         17 	           3 	 2.224073e+00 	 01000000000011100101011100110111
         17 	           4 	 -1.963474e-01 	 10111110010010010000111101001101
         17 	           5 	 -4.750511e+00 	 11000000100110000000010000101111
         17 	           6 	 -1.816604e+00 	 10111111111010001000011001111010
         17 	           7 	 3.910722e-01 	 00111110110010000011101010011110
         18 	           0 	 -1.696765e+00 	 10111111110110010010111110011010
         18 	           1 	 -1.998389e+00 	 10111111111111111100101100111010
         18 	           2 	 -1.885876e+00 	 10111111111100010110010001100010
         18 	           3 	 -5.263204e-01 	 10111111000001101011110011101111
         18 	           4 	 -9.667556e-01 	 10111111011101110111110101001100
         18 	           5 	 -2.096010e+00 	 11000000000001100010010100001000
         18 	           6 	 -4.132027e+00 	 11000000100001000011100110010001
         18 	           7 	 -1.435273e+00 	 10111111101101111011011100000011
         19 	           0 	 -1.470403e-01 	 10111110000101101001000110111111
         19 	           1 	 -2.951414e+00 	 11000000001111001110001111111000
         19 	           2 	 -1.153613e+00 	 10111111100100111010100110011001
         19 	           3 	 -4.377850e+00 	 11000000100011000001011101011001
         19 	           4 	 -2.917969e+00 	 11000000001110101100000000000011
         19 	           5 	 -5.797210e-01 	 10111111000101000110100010011001
         19 	           6 	 -1.715951e+00 	 10111111110110111010010001001000
         19 	           7 	 -3.722363e-01 	 10111110101111101001010111000011
